    -1.42494      0.41679     0.259904  5.69541e-65 -2.77642e-64      3.06894     0.431456     0.328831     0.259904 
   -1.44694    0.413738    0.265619   -0.008314 -0.00532142      3.1021    0.414028    0.278282    0.281808 
   -1.43171    0.418657     0.26263 0.000696799  -0.0164767     3.07923    0.429081    0.290963    0.282433 
   -1.44169    0.406151    0.261933  -0.0114112 -0.00600729     3.10788    0.436201    0.278079    0.278671 
   -1.44466    0.401858    0.261578  -0.0160961 -0.00240156     3.11651    0.440941    0.275443    0.277972 
  -1.44704   0.401544   0.260286 -0.0154475 0.00207933    3.11903   0.423149    0.25889   0.279494 
  -1.44702   0.401431   0.260244 -0.0155979 0.00214213    3.11913   0.423066    0.25882   0.277512 
  -1.44704   0.401232   0.260362  -0.015918 0.00198806    3.11943   0.428697   0.259728   0.279823 
  -1.44707   0.401258   0.260314 -0.0158486 0.00208867    3.11942   0.424711   0.255245    0.27857 
  -1.44697   0.401298   0.260379 -0.0158516 0.00188383    3.11928   0.419064   0.251316   0.278304 
  -1.44693   0.401303   0.260412 -0.0158703 0.00179384    3.11924   0.420003   0.247545   0.279361 
  -1.44692   0.401317   0.260417  -0.015857 0.00176995     3.1192   0.415255   0.245267   0.277298 
  -1.44693   0.401307   0.260414 -0.0158673 0.00178588    3.11923   0.422294   0.246499   0.279358 
  -1.44693   0.401308   0.260413 -0.0158648 0.00178786    3.11923   0.418641   0.247791   0.280202 
  -1.44693    0.40131   0.260412 -0.0158618 0.00178742    3.11922   0.422363   0.247515   0.272964 
  -1.44693   0.401311   0.260412 -0.0158608 0.00178792    3.11922     0.4255   0.248834   0.265131 
  -1.44693   0.401311   0.260412 -0.0158613 0.00178772    3.11922   0.416175   0.249156   0.264475 
  -1.44693    0.40131   0.260412 -0.0158614 0.00178796    3.11922   0.407519   0.250021   0.265101 
  -1.44693   0.401311   0.260412 -0.0158613  0.0017881    3.11922   0.393031   0.248336   0.266933 
  -1.44693   0.401311   0.260412 -0.0158616 0.00178817    3.11922    0.38251   0.246478   0.267755 
  -1.44693   0.401311   0.260412 -0.0158615 0.00178804    3.11922    0.38251   0.246478   0.267755 
  -1.44693   0.401311   0.260412 -0.0158615 0.00178805    3.11922    0.38251   0.246478   0.267755 
  -1.44693   0.401311   0.260412 -0.0158615 0.00178805    3.11922    0.38251   0.246478   0.267755 
  -1.44693   0.401311   0.260412 -0.0158615 0.00178805    3.11922    0.38251   0.246478   0.267755 
  -1.44693    0.40131   0.260412 -0.0158615 0.00178793    3.11922   0.388146   0.248049   0.269109 
  -1.44693    0.40131   0.260412 -0.0158615 0.00178803    3.11922   0.391534   0.247431   0.270223 
  -1.44693    0.40131   0.260412 -0.0158613 0.00178785    3.11922   0.391986    0.24719   0.271489 
  -1.44693    0.40131   0.260412 -0.0158615 0.00178797    3.11922   0.392419   0.247741   0.271219 
  -1.44693   0.401311   0.260412 -0.0158615 0.00178792    3.11922   0.392701   0.246055   0.272237 
  -1.44693   0.401311   0.260412 -0.0158615 0.00178802    3.11922   0.396495   0.246126   0.273026 
  -1.44693   0.401311   0.260412 -0.0158616 0.00178803    3.11922   0.396332   0.244809   0.272819 
  -1.44693    0.40131   0.260412 -0.0158614  0.0017879    3.11922   0.396841   0.244043    0.27313 
  -1.44693   0.401311   0.260412 -0.0158615  0.0017883    3.11922   0.396276   0.242548   0.270826 
  -1.44693   0.401311   0.260412 -0.0158615 0.00178808    3.11922   0.396276   0.242548   0.270826 
  -1.44693    0.40131   0.260412 -0.0158616 0.00178825    3.11922   0.397922   0.242085   0.271549 
  -1.44693   0.401311   0.260412 -0.0158615 0.00178813    3.11922   0.397922   0.242085   0.271549 
  -1.44693    0.40131   0.260412 -0.0158614 0.00178786    3.11922   0.399341    0.24404   0.272069 
  -1.44693   0.401311   0.260412 -0.0158614 0.00178781    3.11922   0.400633   0.243554   0.272013 
  -1.44693    0.40131   0.260412 -0.0158614  0.0017881    3.11922   0.401181    0.24306   0.272601 
  -1.44693   0.401311   0.260412 -0.0158617 0.00178781    3.11922   0.403807   0.250281   0.271925 
  -1.44693    0.40131   0.260412 -0.0158616 0.00178805    3.11922   0.404632   0.251344   0.271618 
  -1.44693    0.40131   0.260412 -0.0158616 0.00178811    3.11922   0.403685   0.251526   0.271958 
  -1.44693   0.401311   0.260412 -0.0158616 0.00178795    3.11922   0.403127    0.25024   0.272354 
  -1.44693   0.401311   0.260412 -0.0158616 0.00178795    3.11922   0.403923   0.250139   0.273547 
  -1.44693    0.40131   0.260412 -0.0158617 0.00178805    3.11922   0.405777    0.25111   0.273308 
  -1.44693    0.40131   0.260412 -0.0158613 0.00178807    3.11922   0.405955   0.251198   0.271113 
  -1.44693   0.401311   0.260412 -0.0158613 0.00178794    3.11922   0.405857   0.250475   0.270266 
  -1.44693   0.401311   0.260412 -0.0158615 0.00178804    3.11922   0.408223   0.251827   0.267057 
  -1.44693    0.40131   0.260412 -0.0158614 0.00178795    3.11922   0.404549   0.250223   0.266419 
  -1.44693   0.401311   0.260412 -0.0158617 0.00178813    3.11922   0.405713   0.250346   0.264837 
  -1.44693   0.401311   0.260412 -0.0158613 0.00178799    3.11922   0.404421   0.250521   0.263766 
  -1.44693   0.401311   0.260412 -0.0158612 0.00178799    3.11922    0.40071   0.248966   0.263778 
  -1.44693   0.401311   0.260412 -0.0158617  0.0017877    3.11922     0.3987    0.24764   0.263324 
  -1.44693   0.401311   0.260412 -0.0158618 0.00178826    3.11922     0.3987    0.24764   0.263324 
  -1.44693    0.40131   0.260412 -0.0158613 0.00178795    3.11922   0.397969   0.246394   0.262327 
  -1.44693    0.40131   0.260412 -0.0158618 0.00178801    3.11922   0.396925   0.245314   0.261611 
  -1.44693   0.401311   0.260412 -0.0158614 0.00178795    3.11922   0.394676   0.243472   0.261607 
  -1.44693    0.40131   0.260412 -0.0158614 0.00178818    3.11922   0.393607   0.242375   0.261626 
